1700
1437
575
605
1464
1452
1294
791
168
1264
1107
856
1266
121
107
820
635
943
234
497
1346
869
808
559
248
1232
1674
776
200
1137
1497
755
155
789
795
687
571
1148
970
974
757
1100
699
1479
1600
1686
100
1062
593
854
379
1578
662
452
924
1579
1003
219
444
1682
98
415
579
1026
1612
122
1296
1133
141
1679
509
1317
1596
967
1138
778
724
1151
1106
835
170
1361
281
629
1217
763
147
1609
1604
1576
1546
501
962
708
1028
352
1208
784
387
1305
1598
1572
466
1343
163
1484
418
569
549
246
342
1481
824
313
255
935
957
1642
53
1146
1282
1112
270
688
768
878
685
203
84
1093
81
800
799
503
1677
1256
22
1246
1565
97
1333
939
419
594
488
1412
722
1553
1634
881
732
937
424
952
830
1650
1098
132
1041
1048
1326
158
932
1166
963
1017
1635
580
1595
149
1476
1019
781
92
487
707
373
1474
39
1581
388
1620
417
1161
473
517
412
649
274
514
613
427
1443
1018
1000
607
243
1287
1320
41
1169
279
813
908
449
632
654
6
175
623
1554
1378
975
1109
285
625
29
626
1306
710
1023
1034
853
1401
1466
1269
1336
33
972
1385
1685
1673
1102
1607
1442
926
1281
621
1432
1286
77
1356
1629
867
1141
876
264
734
1472
842
375
523
659
1067
1101
1647
1611
502
1557
1383
735
193
1325
670
1015
1470
1532
292
526
1491
1365
355
207
1289
942
173
1097
102
1134
68
753
476
1541
543
697
1516
428
359
532
1249
306
864
1009
1526
408
750
1397
577
1099
411
990
453
875
320
1485
67
682
259
997
1153
1082
1268
447
317
518
574
137
661
737
1495
1221
1517
442
38
367
1092
237
597
1182
925
1353
390
940
221
1458
1142
12
1209
299
816
308
733
471
798
598
663
441
461
276
639
1228
640
123
590
678
496
812
9
1245
1351
1172
258
782
752
462
1328
1661
454
1681
78
437
821
797
1451
1260
1129
1509
1691
463
1037
711
715
438
1071
227
1183
823
1644
1194
1198
1195
521
1010
1105
1502
1593
1421
690
351
819
195
445
36
52
139
930
115
767
616
1051
27
43
1411
131
508
212
1355
1073
1505
1367
991
1435
1334
1254
804
1357
1699
644
811
1669
1310
1463
522
414
1438
691
695
893
1029
551
786
1075
1215
368
1655
730
268
533
184
729
524
719
34
1339
1342
381
848
1409
1360
1126
124
374
1258
969
619
1468
1292
99
1213
104
162
16
796
1091
550
151
713
72
1428
772
999
358
140
504
1230
1633
1064
1506
1384
1482
506
951
862
727
1304
646
1139
1423
1190
604
1271
413
1039
362
229
1636
980
493
542
431
950
1322
383
185
1042
1013
1059
492
1503
75
1462
1359
1392
1539
1427
1601
91
1118
609
1697
1656
547
392
494
420
897
1436
136
807
13
536
868
217
256
1329
642
465
144
922
634
954
777
915
1140
956
1270
1638
1323
1381
112
291
941
143
981
1094
794
349
443
399
1364
398
1144
480
86
585
4
345
1664
178
673
263
701
928
298
275
1128
183
698
923
467
668
627
641
1272
537
1698
1531
1591
1399
831
180
566
818
283
210
1
1580
628
1534
166
1181
56
906
1052
1446
1645
805
977
787
382
860
511
226
1441
1315
284
455
1547
468
66
1165
671
1047
1058
745
568
1293
1625
513
1240
85
898
235
1483
1154
242
360
534
329
676
1683
583
1379
1480
679
338
889
1396
1692
18
332
731
224
1291
1440
1096
425
1090
1210
838
1222
1114
1025
874
1124
247
1525
1259
1171
369
510
1475
1408
931
918
1380
111
1388
307
933
716
1651
705
1358
1001
988
1666
826
26
63
1605
573
837
1206
976
1250
1119
558
920
793
717
809
1117
751
743
601
1338
1011
531
1038
1627
994
1419
1652
718
1178
544
1448
1050
1469
88
780
945
1203
1570
1027
760
1103
353
1584
836
1689
588
365
2
110
169
1301
1444
499
706
1298
35
1006
1688
529
1104
736
1613
103
323
330
548
1363
148
1429
907
612
271
1390
1514
979
192
1229
891
651
1170
1186
457
10
1404
1348
90
916
407
840
1550
489
1022
181
485
376
1583
1086
1160
1005
401
79
1415
1496
1465
557
1513
1204
578
1068
74
384
1511
311
769
208
1056
600
319
1566
783
404
674
315
894
1530
287
1631
30
286
117
410
1499
1243
361
1403
525
21
482
250
1447
1402
222
779
738
934
971
1008
899
348
572
1225
953
164
1574
451
1014
153
434
14
24
885
1694
1167
233
747
863
633
647
1486
238
1197
1065
389
1477
60
606
422
1528
683
1060
742
1045
186
363
245
880
189
241
610
479
936
114
1637
965
1422
843
1085
393
1131
157
921
982
1300
372
1121
1544
1032
1643
884
596
57
1471
1615
54
1216
1278
150
1535
1672
128
1321
3
1070
1603
1455
1659
1377
1347
851
483
712
1147
1088
592
1033
1577
206
829
1235
1115
1316
371
232
409
51
199
1157
179
948
919
1375
879
587
1405
337
913
888
1556
744
528
154
316
828
1610
726
1508
172
1430
1489
325
832
611
657
527
834
1277
48
1657
665
1654
1382
64
236
1007
887
927
1164
1314
108
1597
762
202
1521
1234
1002
817
806
214
653
1628
1414
1641
421
55
602
301
1313
1551
1622
1533
1285
1687
322
567
346
844
109
5
1454
873
1630
630
344
740
1493
273
209
1127
304
964
1670
1218
912
1327
960
339
1043
958
904
896
1354
341
28
622
486
1077
1162
1176
1279
959
1113
1350
1251
201
754
1273
775
589
1324
638
1561
177
1274
1262
280
505
545
1238
82
756
134
749
1055
1420
176
1173
1573
858
1649
861
849
1619
655
260
1370
1684
1069
1675
1253
156
130
1559
127
984
664
1053
288
477
603
1646
761
656
1512
1460
1501
135
1302
1168
645
870
312
1662
1219
1303
1586
1236
435
484
900
1407
895
631
530
1297
1538
370
660
133
129
198
278
825
126
391
785
1280
1653
120
827
1431
1478
1311
439
262
882
1318
1116
1473
204
106
582
1261
1224
223
1046
225
620
1199
1587
689
1267
721
58
746
400
720
667
1295
1352
1667
167
552
161
814
495
1552
1084
257
516
1371
1145
1074
1362
230
333
205
1426
1398
1187
553
584
300
61
857
182
1308
1490
364
215
1621
397
1582
1223
1196
1057
1665
892
1255
396
37
652
555
231
1618
336
949
1592
1376
1063
1459
1288
310
1368
187
433
617
694
266
910
615
1030
62
1226
1424
1257
1244
249
728
403
714
45
73
1040
865
211
1175
1344
40
456
903
581
1061
239
648
759
983
570
1335
993
1149
402
1143
773
1340
1461
512
251
76
83
1393
845
197
591
1076
1695
1366
680
1515
1135
305
540
978
1498
1130
917
116
1369
1189
282
1290
1205
905
758
1450
1696
595
357
770
1520
541
989
118
194
152
672
1648
1192
1418
966
1510
395
669
1632
1036
998
446
774
1211
1083
1626
1072
25
748
65
1202
681
703
87
846
1439
1095
19
1548
377
1590
802
546
692
17
938
839
321
822
554
1494
872
1543
1108
556
968
1220
69
1575
1540
702
1307
961
1233
347
1054
240
1542
1265
334
538
1602
1453
1394
855
1523
498
440
350
788
293
684
1671
460
801
1433
1569
326
1417
1123
1529
1400
624
1012
1395
295
539
515
1555
366
1640
20
1391
1247
15
1457
586
614
146
535
190
1341
406
296
1035
1599
1016
450
1434
1560
1416
852
929
1500
1690
765
96
1374
294
563
1330
560
1522
1200
95
159
955
810
507
766
1624
1021
119
696
1545
1004
309
833
946
686
1125
1606
244
474
44
252
1263
324
658
165
803
1487
1519
290
1623
71
677
1080
423
1537
481
1456
1159
1136
1089
1524
1150
1227
464
331
23
7
327
1518
871
1044
265
739
430
343
771
472
188
335
877
1185
1449
93
1594
1132
693
1158
1331
1608
1663
725
1248
49
1639
356
1174
1191
174
1567
741
80
1252
650
1372
1049
11
1467
1658
1413
302
1179
1212
1507
314
866
1214
902
636
704
1563
1678
436
228
1078
1589
1332
478
1345
426
394
429
1504
890
432
385
886
1585
1549
1152
1562
599
47
1276
218
458
996
50
318
171
328
470
995
113
909
764
1668
847
914
1588
213
160
675
1536
1155
340
272
519
901
987
220
1299
973
637
1349
1184
1201
1700
1156
277
303
643
1425
94
46
576
1110
565
1081
1676
145
101
1284
142
985
992
947
31
1087
500
1177
1231
253
1386
1558
70
1020
196
1275
1239
1617
815
32
1406
1207
475
380
1660
1066
1337
1693
1242
1283
59
386
416
1024
723
89
1312
1373
850
1180
1120
1079
269
216
448
911
459
618
138
792
986
405
378
1122
1319
608
105
42
564
1389
125
1571
1445
859
469
944
1387
1241
289
1163
666
1410
1031
561
1237
1614
1193
1680
790
8
191
490
1527
700
267
1111
1492
709
1309
254
261
520
883
562
841
491
1616
1488
1188
354
1568
1564
297
